<?xml version="1.0" encoding="UTF-8"?>
<!DOCTYPE X3D PUBLIC "ISO//Web3D//DTD X3D 3.2//EN" "http://www.web3d.org/specifications/x3d-3.2.dtd">
<X3D profile="Interchange" version="3.2"
     xmlns:xsd="http://www.w3.org/2001/XMLSchema-instance"
     xsd:noNamespaceSchemaLocation="http://www.web3d.org/specifications/x3d-3.2.xsd">
<head>
	<meta name="source-collada-version" content="1.4.1" />
	<meta name="generator" content="view3dscene, http://castle-engine.sourceforge.net/view3dscene.php" />
	<meta name="source" content="Monster.dae" />
</head>
<Scene>
	<Switch>
		<Group DEF="Scene">
			<Transform DEF="Armature">
				<Transform
					translation="0 0 11.732219696044922">
					<Transform
						scale="0.025399999693036079 0.025399999693036079 0.025399999693036079">
						<Transform DEF="Bip01_Pelvis">
							<MatrixTransform
								matrix="-0.000025012299374793656 0.86794000864028931 0.49666911363601685 0
									-0.000019878099919878878 -0.49666911363601685 0.86794012784957886 0
									1 0.000011920899851247668 0.000029534099667216651 0
									-1.1628570556640625 99.434127807617188 -44.133129119873047 1
">
								<Transform DEF="Bip01_Spine">
									<MatrixTransform
										matrix="-0.67490237951278687 0.73767727613449097 0.018402589485049248 0
											-0.73771727085113525 -0.67508459091186523 0.0058425827883183956 0
											0.016735479235649109 -0.0096409041434526443 0.99981361627578735 0
											0 142.05380249023438 0 1
">
										<Transform DEF="Bip01_Spine1">
											<MatrixTransform
												matrix="0.99483352899551392 0.10141409933567047 -0.0046207970008254051 0
													-0.10136950016021729 0.99480777978897095 0.0090390089899301529 0
													0.0055122850462794304 -0.0085231848061084747 0.99994862079620361 0
													399.19479370117188 -0.31954190135002136 -0.0030490760691463947 1
">
												<Transform DEF="Bip01_Neck">
													<MatrixTransform
														matrix="0.75078630447387695 -0.66054517030715942 -0.000021116800780873746 0
															0.66054517030715942 0.7507864236831665 2.4312200821441365E-6 0
															0.000016459000107715838 -0.000014688799637951888 1 0
															402.55160522460938 -0.10438539832830429 -0.0028464789502322674 1
">
														<Transform DEF="Bip01_Head">
															<MatrixTransform
																matrix="0.69814932346343994 -0.71584612131118774 0.012327400036156178 0
																	0.71594917774200439 0.69799298048019409 -0.014916489832103252 0
																	0.0020711419638246298 0.019239619374275208 0.9998127818107605 0
																	181.73240661621094 -0.00085449201287701726 0.0025956630706787109 1
">
																<Transform DEF="Bip01_HeadNub">
																	<MatrixTransform
																		matrix="0.000056624401622684672 1 -4.8111000978678931E-6 0
																			-0.99999988079071045 0.000056713801313890144 0.000044191900087753311 0
																			0.000047252298827515915 0.000015060900295793545 1 0
																			-0.000030517599952872843 345.13980102539063 0 1
" />
																</Transform>
															</MatrixTransform>
														</Transform>
														<Transform DEF="Bip01_L_Clavicle">
															<MatrixTransform
																matrix="0.68965709209442139 0.69664037227630615 -0.19765129685401917 0
																	0.14883430302143097 0.13075250387191772 0.9801793098449707 0
																	0.70867598056793213 -0.70540487766265869 -0.013511139899492264 0
																	0.00048828098806552589 0.1427001953125 43.169460296630859 1
">
																<Transform DEF="Bip01_L_UpperArm">
																	<MatrixTransform
																		matrix="0.84572118520736694 0.10820569843053818 -0.52253872156143188 0
																			-0.5326048731803894 0.23166629672050476 -0.81404107809066772 0
																			0.032970398664474487 0.9667586088180542 0.25355568528175354 0
																			0 175.07080078125 -0.000061035199905745685 1
">
																		<Transform DEF="Bip01_L_Forearm">
																			<MatrixTransform
																				matrix="0.85225611925125122 -0.43615138530731201 0.28884539008140564 0
																					0.52307337522506714 0.71824932098388672 -0.4588162899017334 0
																					-0.0073499460704624653 0.54211658239364624 0.84027117490768433 0
																					-0.000061035199905745685 370.01730346679688 -0.000061035199905745685 1
">
																				<Transform DEF="Bip01_L_Hand">
																					<MatrixTransform
																						matrix="0.49912330508232117 -0.36407649517059326 -0.78633582592010498 0
																							0.80144357681274414 0.53900742530822754 0.25915059447288513 0
																							0.32949021458625793 -0.75955188274383545 0.56081807613372803 0
																							0.000061035199905745685 370.01708984375 0 1
">
																						<Transform DEF="Bip01_L_Finger0">
																							<MatrixTransform
																								matrix="0.027586430311203003 -0.38336139917373657 0.92318642139434814 0
																									0.53652071952819824 0.78492021560668945 0.30991289019584656 0
																									-0.84343618154525757 0.48675909638404846 0.22733449935913086 0
																									-0.000022888199964654632 186.69400024414063 7.6293899837764911E-6 1
">
																								<Transform DEF="Bip01_L_Finger0Nub">
																									<MatrixTransform
																										matrix="-0.000050909799028886482 1 0.000032834701414685696 0
																											-0.85998207330703735 -0.000060439098888309672 0.51032412052154541 0
																											0.51032418012619019 -2.2733599962521112E-6 0.8599821925163269 0
																											0 167.76199340820313 -0.000061035199905745685 1
" />
																								</Transform>
																							</MatrixTransform>
																						</Transform>
																					</MatrixTransform>
																				</Transform>
																			</MatrixTransform>
																		</Transform>
																	</MatrixTransform>
																</Transform>
															</MatrixTransform>
														</Transform>
														<Transform DEF="Bip01_R_Clavicle">
															<MatrixTransform
																matrix="0.70736068487167358 0.67857652902603149 0.19792470335960388 0
																	0.14885219931602478 0.13073140382766724 -0.98018008470535278 0
																	-0.69100207090377808 0.72280240058898926 -0.0085318833589553833 0
																	0.00396728515625 0.14590449631214142 -43.168838500976563 1
">
																<Transform DEF="Bip01_R_UpperArm">
																	<MatrixTransform
																		matrix="0.82566112279891968 0.14596749842166901 0.54495632648468018 0
																			-0.56403487920761108 0.23447689414024353 0.79176127910614014 0
																			-0.012207349762320518 -0.96110022068023682 0.27592891454696655 0
																			-0.00030517601408064365 175.07150268554688 0.000076293901656754315 1
">
																		<Transform DEF="Bip01_R_Forearm">
																			<MatrixTransform
																				matrix="0.85225701332092285 -0.43614909052848816 -0.28884610533714294 0
																					0.5230715274810791 0.71824932098388672 0.45881840586662292 0
																					0.0073500350117683411 -0.54211831092834473 0.84027022123336792 0
																					0 370.01748657226563 0 1
">
																				<Transform DEF="Bip01_R_Hand">
																					<MatrixTransform
																						matrix="0.49912029504776001 -0.3640637993812561 0.78634357452392578 0
																							0.80144268274307251 0.53900778293609619 -0.25915279984474182 0
																							-0.32949730753898621 0.75955778360366821 0.56080609560012817 0
																							0.000061035199905745685 370.01730346679688 0 1
">
																						<Transform DEF="Bip01_R_Finger0">
																							<MatrixTransform
																								matrix="0.027602549642324448 -0.38337451219558716 -0.92318058013916016 0
																									0.5365217924118042 0.78491848707199097 -0.309915691614151 0
																									0.84343498945236206 -0.48675179481506348 0.227354496717453 0
																									0.000053405801736516878 186.69309997558594 0.000030517599952872843 1
">
																								<Transform DEF="Bip01_R_Finger0Nub">
																									<MatrixTransform
																										matrix="0.000046424600441241637 -0.99999988079071045 0.000040523700590711087 0
																											0.85998982191085815 0.000060707301599904895 0.51031088829040527 0
																											-0.51031100749969482 0.000011409600119804963 0.85999000072479248 0
																											0 167.76010131835938 0 1
" />
																								</Transform>
																							</MatrixTransform>
																						</Transform>
																					</MatrixTransform>
																				</Transform>
																			</MatrixTransform>
																		</Transform>
																	</MatrixTransform>
																</Transform>
															</MatrixTransform>
														</Transform>
													</MatrixTransform>
												</Transform>
											</MatrixTransform>
										</Transform>
										<Transform DEF="Bip01_R_Thigh">
											<MatrixTransform
												matrix="0.42336300015449524 0.035700131207704544 0.90525597333908081 0
													0.90535432100296021 0.019872160628437996 -0.42419329285621643 0
													-0.033133029937744141 0.99916499853134155 -0.023907339200377464 0
													-107.67569732666016 94.976821899414063 -155.40679931640625 1
">
												<Transform DEF="Bip01_R_Calf">
													<MatrixTransform
														matrix="0.71847552061080933 -0.35215279459953308 -0.59981787204742432 0
															-0.0015837029786780477 -0.86318778991699219 0.50488007068634033 0
															-0.69554972648620605 -0.36179420351982117 -0.62073588371276855 0
															-0.000015258799976436421 547.819091796875 3.8146999941091053E-6 1
">
														<Transform DEF="Bip01_R_Foot">
															<MatrixTransform
																matrix="0.50734758377075195 -0.31051149964332581 -0.80385369062423706 0
																	-0.84587138891220093 -0.0012469890061765909 -0.53338491916656494 0
																	0.1646198034286499 0.95056867599487305 -0.26328560709953308 0
																	0 532.74700927734375 0 1
">
																<Transform DEF="Bip01_R_Toe0">
																	<MatrixTransform
																		matrix="0.53058278560638428 -0.72395217418670654 -0.44087991118431091 0
																			0.35334798693656921 0.66169041395187378 -0.66129511594772339 0
																			0.77047199010848999 0.19508780539035797 0.60688847303390503 0
																			0.000015258799976436421 286.1807861328125 -0.000022888199964654632 1
">
																		<Transform DEF="Bip01_R_Toe0Nub">
																			<MatrixTransform
																				matrix="-5.5693099056952633E-6 0.99999988079071045 0.000022554799215868115 0
																					0.96555221080780029 0.000011093899956904352 -0.2602095901966095 0
																					-0.26020941138267517 0.000020304700228734873 -0.96555221080780029 0
																					-0.000061035199905745685 166.968994140625 3.8146999941091053E-6 1
" />
																		</Transform>
																	</MatrixTransform>
																</Transform>
															</MatrixTransform>
														</Transform>
													</MatrixTransform>
												</Transform>
											</MatrixTransform>
										</Transform>
										<Transform DEF="Bip01_L_Thigh">
											<MatrixTransform
												matrix="0.38975751399993896 0.0249679796397686 -0.92057961225509644 0
													0.92034578323364258 0.02465846948325634 0.39032649993896484 0
													0.032445788383483887 -0.99938410520553589 -0.013369119726121426 0
													-101.904296875 96.819511413574219 158.14289855957031 1
">
												<Transform DEF="Bip01_L_Calf">
													<MatrixTransform
														matrix="0.71847999095916748 -0.35215219855308533 0.59981268644332886 0
															-0.0015866979956626892 -0.86318802833557129 -0.50488018989562988 0
															0.69554632902145386 0.36179450154304504 -0.62074261903762817 0
															0.000015258799976436421 547.81878662109375 0.000030517599952872843 1
">
														<Transform DEF="Bip01_L_Foot">
															<MatrixTransform
																matrix="0.50735217332839966 -0.31050390005111694 0.80385392904281616 0
																	-0.84587001800537109 -0.0012503559701144695 0.53338772058486938 0
																	-0.16461379826068878 -0.95057117938995361 -0.26328021287918091 0
																	-0.000061035199905745685 532.7479248046875 0.000038147001760080457 1
">
																<Transform DEF="Bip01_L_Toe0">
																	<MatrixTransform
																		matrix="0.53058111667633057 -0.72395002841949463 0.44088539481163025 0
																			0.35334089398384094 0.66169238090515137 0.66129672527313232 0
																			-0.77047652006149292 -0.19508859515190125 0.60688257217407227 0
																			-0.000015258799976436421 286.18130493164063 -0.000053405801736516878 1
">
																		<Transform DEF="Bip01_L_Toe0Nub">
																			<MatrixTransform
																				matrix="5.8822301980399061E-6 -0.99999988079071045 -3.1199299428408267E-6 0
																					-0.96555477380752563 -4.7758198888914194E-6 -0.26019948720932007 0
																					0.26019939780235291 4.592349796439521E-6 -0.96555477380752563 0
																					0 166.96800231933594 0.000011444099982327316 1
" />
																		</Transform>
																	</MatrixTransform>
																</Transform>
															</MatrixTransform>
														</Transform>
													</MatrixTransform>
												</Transform>
											</MatrixTransform>
										</Transform>
										<Transform DEF="Bip01_Tail">
											<MatrixTransform
												matrix="0.14625820517539978 0.98920971155166626 -0.008503294549882412 0
													-0.9890754222869873 0.14638729393482208 0.017345039173960686 0
													0.018401460722088814 0.0058742598630487919 0.9998134970664978 0
													-229.27729797363281 51.571708679199219 3.9200839996337891 1
">
												<Transform DEF="Bip01_Tail1">
													<MatrixTransform
														matrix="0.96830272674560547 0.24977949261665344 1.1052400168409804E-6 0
															-0.2497795969247818 0.96830260753631592 3.0001399409229634E-6 0
															1.9802600945695303E-6 6.360240263347805E-7 0.99999988079071045 0
															-7.6293899837764911E-6 275.13360595703125 2.3841900542720396E-7 1
">
														<Transform DEF="Bip01_Tail2">
															<MatrixTransform
																matrix="0.97423982620239258 0.22551460564136505 3.1799999078430119E-7 0
																	-0.22551469504833221 0.97423970699310303 -2.1378500605351292E-6 0
																	-2.4508499336661771E-6 1.3581100120063638E-6 1 0
																	-0.000022888199964654632 339.0889892578125 0 1
">
																<Transform DEF="Bip01_TailNub">
																	<MatrixTransform
																		matrix="-0.99999970197677612 0.00079716398613527417 2.0590600797731895E-6 0
																			0.00079719501081854105 0.9999995231628418 1.792290049706935E-6 0
																			0.000015278499631676823 -4.3375200675654924E-7 -1 0
																			0.000015258799976436421 374.19009399414063 0 1
" />
																</Transform>
															</MatrixTransform>
														</Transform>
													</MatrixTransform>
												</Transform>
											</MatrixTransform>
										</Transform>
									</MatrixTransform>
								</Transform>
							</MatrixTransform>
						</Transform>
					</Transform>
				</Transform>
			</Transform>
			<Transform DEF="monster">
				<MatrixTransform
					matrix="1 -9.6893302270473214E-8 -2.4223300698622552E-8 0
						4.844670087322811E-8 1 -2.9338500199545909E-16 0
						4.844670087322811E-8 -2.0536900376496485E-15 1 0
						4.1567339897155762 3.038593053817749 -9.5367397534573684E-7 1
">
					<Shape>
						<Appearance DEF="monster-effect">
							<Material
								ambientIntensity="0"
								diffuseColor="1 1 1"
								shininess="0.390625"
								specularColor="0.10000000149011612 0.10000000149011612 0.10000000149011612" />
							<ImageTexture DEF="monster_jpg"
								url='"Monster.jpg"' />
						</Appearance>
						<IndexedFaceSet DEF="monster-mesh_collada_primitive_1"
							coordIndex="203 420 0 -1 0 1 203 -1 11 203 1 -1 1 2 11 -1 16 3 12 -1 12 239 16 -1 13 12 3 -1 3 4 13 -1 14 5 6 -1 35 33 15 -1 204 15 33 -1 33 8 204 -1 421 204 8 -1 8 9 421 -1 422 421 9 -1 9 10 422 -1 423 422 10 -1 10 37 423 -1 205 423 37 -1 37 116 205 -1 1 0 17 -1 2 1 17 -1 4 3 18 -1 18 38 4 -1 3 16 18 -1 19 17 117 -1 117 23 19 -1 20 2 17 -1 17 19 20 -1 16 2 20 -1 20 22 16 -1 38 18 21 -1 18 16 22 -1 20 19 24 -1 24 25 20 -1 22 20 25 -1 25 28 22 -1 21 18 26 -1 26 27 21 -1 18 22 28 -1 28 26 18 -1 24 23 119 -1 119 29 24 -1 25 24 29 -1 29 30 25 -1 28 25 30 -1 30 32 28 -1 27 26 31 -1 31 41 27 -1 26 28 32 -1 32 31 26 -1 8 29 119 -1 119 9 8 -1 30 29 8 -1 8 33 30 -1 32 30 33 -1 33 35 32 -1 41 31 7 -1 7 34 41 -1 31 32 35 -1 35 7 31 -1 0 105 36 -1 120 199 37 -1 5 4 38 -1 38 39 5 -1 6 5 39 -1 39 40 6 -1 34 6 40 -1 40 41 34 -1 38 21 42 -1 42 44 38 -1 21 27 43 -1 43 42 21 -1 27 41 47 -1 47 43 27 -1 39 38 44 -1 44 45 39 -1 40 39 45 -1 45 46 40 -1 41 40 46 -1 46 47 41 -1 44 42 48 -1 48 50 44 -1 42 43 49 -1 49 48 42 -1 43 47 53 -1 53 49 43 -1 45 44 50 -1 50 51 45 -1 46 45 51 -1 51 52 46 -1 47 46 52 -1 52 53 47 -1 50 48 54 -1 54 56 50 -1 48 49 55 -1 55 54 48 -1 49 53 59 -1 59 55 49 -1 51 50 56 -1 56 57 51 -1 52 51 57 -1 57 58 52 -1 53 52 58 -1 58 59 53 -1 56 54 60 -1 60 62 56 -1 54 55 61 -1 61 60 54 -1 55 59 65 -1 65 61 55 -1 57 56 62 -1 62 63 57 -1 58 57 63 -1 63 64 58 -1 59 58 64 -1 64 65 59 -1 62 60 66 -1 66 68 62 -1 60 61 67 -1 67 66 60 -1 61 65 71 -1 71 67 61 -1 63 62 68 -1 68 69 63 -1 64 63 69 -1 69 70 64 -1 65 64 70 -1 70 71 65 -1 68 66 72 -1 72 74 68 -1 66 67 73 -1 73 72 66 -1 67 71 77 -1 77 73 67 -1 69 68 74 -1 74 75 69 -1 70 69 75 -1 75 76 70 -1 71 70 76 -1 76 77 71 -1 74 72 78 -1 78 80 74 -1 72 73 79 -1 79 78 72 -1 73 77 83 -1 83 79 73 -1 75 74 80 -1 80 81 75 -1 76 75 81 -1 81 82 76 -1 77 76 82 -1 82 83 77 -1 80 78 84 -1 84 86 80 -1 78 79 85 -1 85 84 78 -1 79 83 89 -1 89 85 79 -1 81 80 86 -1 86 87 81 -1 82 81 87 -1 87 88 82 -1 83 82 88 -1 88 89 83 -1 86 84 90 -1 90 92 86 -1 84 85 91 -1 91 90 84 -1 85 89 93 -1 93 91 85 -1 87 86 94 -1 94 95 87 -1 88 87 95 -1 95 96 88 -1 89 88 96 -1 96 97 89 -1 86 92 98 -1 98 94 86 -1 93 89 97 -1 97 99 93 -1 95 94 101 -1 101 100 95 -1 96 95 100 -1 97 96 100 -1 100 101 97 -1 94 98 102 -1 102 101 94 -1 99 97 101 -1 101 102 99 -1 92 90 104 -1 91 93 103 -1 98 92 104 -1 93 99 103 -1 102 98 104 -1 99 102 103 -1 90 91 102 -1 91 103 102 -1 104 90 102 -1 105 202 206 -1 206 196 105 -1 196 206 207 -1 207 193 196 -1 193 207 208 -1 208 106 193 -1 106 208 209 -1 209 107 106 -1 107 209 108 -1 108 109 107 -1 109 108 111 -1 111 110 109 -1 110 111 112 -1 112 200 110 -1 200 112 114 -1 114 113 200 -1 113 114 333 -1 333 198 113 -1 201 210 115 -1 201 115 205 -1 205 116 201 -1 10 9 125 -1 125 118 10 -1 37 10 118 -1 118 120 37 -1 23 121 126 -1 23 126 119 -1 9 119 125 -1 36 199 120 -1 117 120 122 -1 122 121 117 -1 120 118 123 -1 120 123 122 -1 121 122 127 -1 127 124 121 -1 123 118 125 -1 125 128 123 -1 121 124 126 -1 122 123 128 -1 128 127 122 -1 119 126 132 -1 132 129 119 -1 125 119 129 -1 129 131 125 -1 124 127 133 -1 133 130 124 -1 128 125 131 -1 131 134 128 -1 126 124 130 -1 130 132 126 -1 127 128 134 -1 134 133 127 -1 129 132 138 -1 138 135 129 -1 131 129 135 -1 135 137 131 -1 130 133 139 -1 139 136 130 -1 134 131 137 -1 137 140 134 -1 132 130 136 -1 136 138 132 -1 133 134 140 -1 140 139 133 -1 135 138 142 -1 142 146 135 -1 135 146 148 -1 148 137 135 -1 136 139 143 -1 143 141 136 -1 140 137 148 -1 148 150 140 -1 138 136 141 -1 141 142 138 -1 139 140 150 -1 150 143 139 -1 142 145 146 -1 141 143 144 -1 142 141 144 -1 144 145 142 -1 145 149 146 -1 144 143 147 -1 145 144 147 -1 147 149 145 -1 146 149 154 -1 154 151 146 -1 148 146 151 -1 151 153 148 -1 147 143 155 -1 155 152 147 -1 150 148 153 -1 153 156 150 -1 149 147 152 -1 152 154 149 -1 143 150 156 -1 156 155 143 -1 151 154 160 -1 160 157 151 -1 153 151 157 -1 157 159 153 -1 152 155 161 -1 161 158 152 -1 156 153 159 -1 159 162 156 -1 154 152 158 -1 158 160 154 -1 155 156 162 -1 162 161 155 -1 157 160 163 -1 163 165 157 -1 159 157 165 -1 165 167 159 -1 158 161 164 -1 164 166 158 -1 162 159 167 -1 167 168 162 -1 160 158 166 -1 166 163 160 -1 161 162 168 -1 168 164 161 -1 165 163 172 -1 172 169 165 -1 167 165 169 -1 169 171 167 -1 166 164 173 -1 173 170 166 -1 168 167 171 -1 171 174 168 -1 163 166 170 -1 170 172 163 -1 164 168 174 -1 174 173 164 -1 169 172 187 -1 187 175 169 -1 171 169 175 -1 175 177 171 -1 170 173 178 -1 178 176 170 -1 174 171 177 -1 177 179 174 -1 172 170 176 -1 176 187 172 -1 173 174 179 -1 179 178 173 -1 176 178 181 -1 181 180 176 -1 187 176 180 -1 180 188 187 -1 178 179 182 -1 182 181 178 -1 175 187 185 -1 185 183 175 -1 177 175 183 -1 183 184 177 -1 179 177 184 -1 184 186 179 -1 182 179 187 -1 187 188 182 -1 179 186 185 -1 185 187 179 -1 180 181 189 -1 188 180 189 -1 181 182 189 -1 183 185 190 -1 184 183 190 -1 186 184 190 -1 182 188 189 -1 185 186 190 -1 107 109 191 -1 191 106 107 -1 109 110 192 -1 192 191 109 -1 106 191 194 -1 194 193 106 -1 191 192 195 -1 195 194 191 -1 193 194 197 -1 197 196 193 -1 194 195 198 -1 198 197 194 -1 196 197 199 -1 199 105 196 -1 197 198 225 -1 197 225 116 -1 197 116 199 -1 192 110 200 -1 225 198 213 -1 195 192 200 -1 200 113 195 -1 198 195 113 -1 333 211 212 -1 214 213 215 -1 215 217 214 -1 214 210 201 -1 212 198 333 -1 212 213 198 -1 201 116 225 -1 201 225 213 -1 201 213 214 -1 212 211 216 -1 212 216 215 -1 215 213 212 -1 214 217 210 -1 0 117 17 -1 0 36 117 -1 117 121 23 -1 23 24 19 -1 36 120 117 -1 13 4 218 -1 4 5 219 -1 220 219 5 -1 5 14 220 -1 4 219 218 -1 222 221 218 -1 218 219 222 -1 223 222 219 -1 219 220 223 -1 221 222 224 -1 222 223 224 -1 199 116 37 -1 105 199 36 -1 0 420 430 -1 105 0 226 -1 105 226 432 -1 432 202 105 -1 226 0 430 -1 430 434 227 -1 227 226 430 -1 226 227 435 -1 435 432 226 -1 227 434 436 -1 435 227 436 -1 16 239 437 -1 2 16 228 -1 2 228 439 -1 439 11 2 -1 228 16 437 -1 437 441 229 -1 229 228 437 -1 228 229 442 -1 442 439 228 -1 229 441 443 -1 442 229 443 -1 203 231 230 -1 230 420 203 -1 11 232 231 -1 231 203 11 -1 240 239 12 -1 12 233 240 -1 13 234 233 -1 233 12 13 -1 14 6 235 -1 35 15 257 -1 204 236 257 -1 257 15 204 -1 421 237 236 -1 236 204 421 -1 422 238 237 -1 237 421 422 -1 423 259 238 -1 238 422 423 -1 205 334 259 -1 259 423 205 -1 231 241 230 -1 232 241 231 -1 234 260 242 -1 242 233 234 -1 233 242 240 -1 243 247 335 -1 335 241 243 -1 244 243 241 -1 241 232 244 -1 240 246 244 -1 244 232 240 -1 260 245 242 -1 242 246 240 -1 244 249 248 -1 248 243 244 -1 246 252 249 -1 249 244 246 -1 245 251 250 -1 250 242 245 -1 242 250 252 -1 252 246 242 -1 248 253 337 -1 337 247 248 -1 249 254 253 -1 253 248 249 -1 252 256 254 -1 254 249 252 -1 251 263 255 -1 255 250 251 -1 250 255 256 -1 256 252 250 -1 236 237 337 -1 337 253 236 -1 254 257 236 -1 236 253 254 -1 256 35 257 -1 257 254 256 -1 263 34 7 -1 7 255 263 -1 255 7 35 -1 35 256 255 -1 230 258 327 -1 338 259 417 -1 235 261 260 -1 260 234 235 -1 6 262 261 -1 261 235 6 -1 34 263 262 -1 262 6 34 -1 260 266 264 -1 264 245 260 -1 245 264 265 -1 265 251 245 -1 251 265 269 -1 269 263 251 -1 261 267 266 -1 266 260 261 -1 262 268 267 -1 267 261 262 -1 263 269 268 -1 268 262 263 -1 266 272 270 -1 270 264 266 -1 264 270 271 -1 271 265 264 -1 265 271 275 -1 275 269 265 -1 267 273 272 -1 272 266 267 -1 268 274 273 -1 273 267 268 -1 269 275 274 -1 274 268 269 -1 272 278 276 -1 276 270 272 -1 270 276 277 -1 277 271 270 -1 271 277 281 -1 281 275 271 -1 273 279 278 -1 278 272 273 -1 274 280 279 -1 279 273 274 -1 275 281 280 -1 280 274 275 -1 278 284 282 -1 282 276 278 -1 276 282 283 -1 283 277 276 -1 277 283 287 -1 287 281 277 -1 279 285 284 -1 284 278 279 -1 280 286 285 -1 285 279 280 -1 281 287 286 -1 286 280 281 -1 284 290 288 -1 288 282 284 -1 282 288 289 -1 289 283 282 -1 283 289 293 -1 293 287 283 -1 285 291 290 -1 290 284 285 -1 286 292 291 -1 291 285 286 -1 287 293 292 -1 292 286 287 -1 290 296 294 -1 294 288 290 -1 288 294 295 -1 295 289 288 -1 289 295 299 -1 299 293 289 -1 291 297 296 -1 296 290 291 -1 292 298 297 -1 297 291 292 -1 293 299 298 -1 298 292 293 -1 296 302 300 -1 300 294 296 -1 294 300 301 -1 301 295 294 -1 295 301 305 -1 305 299 295 -1 297 303 302 -1 302 296 297 -1 298 304 303 -1 303 297 298 -1 299 305 304 -1 304 298 299 -1 302 308 306 -1 306 300 302 -1 300 306 307 -1 307 301 300 -1 301 307 311 -1 311 305 301 -1 303 309 308 -1 308 302 303 -1 304 310 309 -1 309 303 304 -1 305 311 310 -1 310 304 305 -1 308 314 312 -1 312 306 308 -1 306 312 313 -1 313 307 306 -1 307 313 315 -1 315 311 307 -1 309 317 316 -1 316 308 309 -1 310 318 317 -1 317 309 310 -1 311 319 318 -1 318 310 311 -1 308 316 320 -1 320 314 308 -1 315 321 319 -1 319 311 315 -1 317 322 323 -1 323 316 317 -1 318 322 317 -1 319 323 322 -1 322 318 319 -1 316 323 324 -1 324 320 316 -1 321 324 323 -1 323 319 321 -1 314 326 312 -1 313 325 315 -1 320 326 314 -1 315 325 321 -1 324 326 320 -1 321 325 324 -1 312 324 313 -1 313 324 325 -1 326 324 312 -1 327 414 206 -1 206 202 327 -1 414 411 207 -1 207 206 414 -1 411 328 208 -1 208 207 411 -1 328 329 209 -1 209 208 328 -1 329 330 108 -1 108 209 329 -1 330 331 111 -1 111 108 330 -1 331 418 112 -1 112 111 331 -1 418 332 114 -1 114 112 418 -1 332 416 333 -1 333 114 332 -1 419 115 210 -1 419 334 205 -1 205 115 419 -1 238 336 343 -1 343 237 238 -1 259 338 336 -1 336 238 259 -1 247 344 339 -1 247 337 344 -1 237 343 337 -1 258 338 417 -1 335 339 340 -1 340 338 335 -1 338 341 336 -1 338 340 341 -1 339 342 345 -1 345 340 339 -1 341 346 343 -1 343 336 341 -1 339 344 342 -1 340 345 346 -1 346 341 340 -1 337 347 350 -1 350 344 337 -1 343 349 347 -1 347 337 343 -1 342 348 351 -1 351 345 342 -1 346 352 349 -1 349 343 346 -1 344 350 348 -1 348 342 344 -1 345 351 352 -1 352 346 345 -1 347 353 356 -1 356 350 347 -1 349 355 353 -1 353 347 349 -1 348 354 357 -1 357 351 348 -1 352 358 355 -1 355 349 352 -1 350 356 354 -1 354 348 350 -1 351 357 358 -1 358 352 351 -1 353 364 360 -1 360 356 353 -1 353 355 366 -1 366 364 353 -1 354 359 361 -1 361 357 354 -1 358 368 366 -1 366 355 358 -1 356 360 359 -1 359 354 356 -1 357 361 368 -1 368 358 357 -1 360 364 363 -1 359 362 361 -1 360 363 362 -1 362 359 360 -1 363 364 367 -1 362 365 361 -1 363 367 365 -1 365 362 363 -1 364 369 372 -1 372 367 364 -1 366 371 369 -1 369 364 366 -1 365 370 373 -1 373 361 365 -1 368 374 371 -1 371 366 368 -1 367 372 370 -1 370 365 367 -1 361 373 374 -1 374 368 361 -1 369 375 378 -1 378 372 369 -1 371 377 375 -1 375 369 371 -1 370 376 379 -1 379 373 370 -1 374 380 377 -1 377 371 374 -1 372 378 376 -1 376 370 372 -1 373 379 380 -1 380 374 373 -1 375 383 381 -1 381 378 375 -1 377 385 383 -1 383 375 377 -1 376 384 382 -1 382 379 376 -1 380 386 385 -1 385 377 380 -1 378 381 384 -1 384 376 378 -1 379 382 386 -1 386 380 379 -1 383 387 390 -1 390 381 383 -1 385 389 387 -1 387 383 385 -1 384 388 391 -1 391 382 384 -1 386 392 389 -1 389 385 386 -1 381 390 388 -1 388 384 381 -1 382 391 392 -1 392 386 382 -1 387 393 405 -1 405 390 387 -1 389 395 393 -1 393 387 389 -1 388 394 396 -1 396 391 388 -1 392 397 395 -1 395 389 392 -1 390 405 394 -1 394 388 390 -1 391 396 397 -1 397 392 391 -1 394 398 399 -1 399 396 394 -1 405 406 398 -1 398 394 405 -1 396 399 400 -1 400 397 396 -1 393 401 403 -1 403 405 393 -1 395 402 401 -1 401 393 395 -1 397 404 402 -1 402 395 397 -1 400 406 405 -1 405 397 400 -1 397 405 403 -1 403 404 397 -1 398 407 399 -1 406 407 398 -1 399 407 400 -1 401 408 403 -1 402 408 401 -1 404 408 402 -1 400 407 406 -1 403 408 404 -1 329 328 409 -1 409 330 329 -1 330 409 410 -1 410 331 330 -1 328 411 412 -1 412 409 328 -1 409 412 413 -1 413 410 409 -1 411 414 415 -1 415 412 411 -1 412 415 416 -1 416 413 412 -1 414 327 417 -1 417 415 414 -1 415 417 334 -1 415 334 429 -1 415 429 416 -1 410 418 331 -1 429 425 416 -1 413 332 418 -1 418 410 413 -1 416 332 413 -1 333 424 211 -1 426 217 215 -1 215 425 426 -1 426 419 210 -1 424 333 416 -1 424 416 425 -1 419 426 425 -1 419 425 429 -1 419 429 334 -1 424 216 211 -1 424 425 215 -1 215 216 424 -1 426 210 217 -1 230 241 335 -1 230 335 258 -1 335 247 339 -1 247 243 248 -1 258 335 338 -1 13 218 234 -1 234 427 235 -1 220 14 235 -1 235 427 220 -1 234 218 427 -1 428 427 218 -1 218 221 428 -1 223 220 427 -1 427 428 223 -1 221 224 428 -1 428 224 223 -1 417 259 334 -1 327 258 417 -1 230 430 420 -1 327 431 230 -1 327 202 432 -1 432 431 327 -1 431 430 230 -1 430 431 433 -1 433 434 430 -1 431 432 435 -1 435 433 431 -1 433 436 434 -1 435 436 433 -1 240 437 239 -1 232 438 240 -1 232 11 439 -1 439 438 232 -1 438 437 240 -1 437 438 440 -1 440 441 437 -1 438 439 442 -1 442 440 438 -1 440 443 441 -1 442 443 440 -1"
							creaseAngle="0.5"
